ID=1 :: Area=Zone_PrincessChambers :: X=4584.2983692466 :: Y=200.00001255007 :: Z=15467.150196075 :: Pitch=0.0 :: Yaw=179.99999860565 :: Roll=-0.0
ID=2 :: Area=Zone_Tower :: X=9499.2153657687 :: Y=5147.598529325 :: Z=267.15003842197 :: Pitch=0.0 :: Yaw=176.0330657959 :: Roll=0.0
ID=3 :: Area=Zone_Upper :: X=-1214.9882886627 :: Y=4424.0816053925 :: Z=170.32653153492 :: Pitch=0.0 :: Yaw=-111.96276855469 :: Roll=0.0
ID=4 :: Area=Zone_Caves :: X=24154.86124659 :: Y=21576.833304239 :: Z=1902.8936356654 :: Pitch=0.0 :: Yaw=85.333251953125 :: Roll=0.0
